   1.0000000e+00   1.0000000e+00   1.0000000e+00   1.0000000e+00   1.0000000e+00   1.0000000e+00   1.0000000e+00   1.0000000e+00   1.0000000e+00   1.0000000e+00
   0.0000000e+00   1.1111111e-01   2.2222222e-01   3.3333333e-01   4.4444444e-01   5.5555556e-01   6.6666667e-01   7.7777778e-01   8.8888889e-01   1.0000000e+00
   0.0000000e+00   1.2345679e-02   4.9382716e-02   1.1111111e-01   1.9753086e-01   3.0864198e-01   4.4444444e-01   6.0493827e-01   7.9012346e-01   1.0000000e+00
   0.0000000e+00   1.3717421e-03   1.0973937e-02   3.7037037e-02   8.7791495e-02   1.7146776e-01   2.9629630e-01   4.7050754e-01   7.0233196e-01   1.0000000e+00
   0.0000000e+00   1.5241579e-04   2.4386526e-03   1.2345679e-02   3.9018442e-02   9.5259869e-02   1.9753086e-01   3.6595031e-01   6.2429508e-01   1.0000000e+00
   0.0000000e+00   1.6935088e-05   5.4192281e-04   4.1152263e-03   1.7341530e-02   5.2922149e-02   1.3168724e-01   2.8462802e-01   5.5492896e-01   1.0000000e+00
   0.0000000e+00   1.8816764e-06   1.2042729e-04   1.3717421e-03   7.7073466e-03   2.9401194e-02   8.7791495e-02   2.2137735e-01   4.9327018e-01   1.0000000e+00
   0.0000000e+00   2.0907516e-07   2.6761620e-05   4.5724737e-04   3.4254874e-03   1.6333997e-02   5.8527663e-02   1.7218238e-01   4.3846239e-01   1.0000000e+00
   0.0000000e+00   2.3230573e-08   5.9470267e-06   1.5241579e-04   1.5224388e-03   9.0744426e-03   3.9018442e-02   1.3391963e-01   3.8974434e-01   1.0000000e+00
   0.0000000e+00   2.5811748e-09   1.3215615e-06   5.0805263e-05   6.7663948e-04   5.0413570e-03   2.6012295e-02   1.0415971e-01   3.4643942e-01   1.0000000e+00
